0.0 1.5006620599859612
0.1 1.498086736143253
0.2 1.482867902821173
0.3 1.457318974731719
0.4 1.4202876887878002
0.5 1.3782077786864964
0.6 1.32124193586691
0.7 1.2556411619914851
0.8 1.1827529358778344
0.9 1.0974533086691576
1.0 1.00477226474907
1.1 0.9113936761062658
1.2 0.8360181369183443
1.3 0.7686352807824125
1.4 0.7157197975651721
1.5 0.667298774992627
1.6 0.6248046703565355
1.7 0.5887911766176172
1.8 0.5553684739309056
1.9 0.5269363464776543
2.0 0.5008116127065111
2.1 0.477007576003589
2.2 0.45529540460040535
2.3 0.4370119228557134
2.4 0.41694965048103333
2.5 0.40088882478378857
2.6 0.38508995083605935
2.7 0.36973459218109805
2.8 0.35741317420676944
2.9 0.3450828531903753
3.0 0.3332799371291914
3.1 0.32249465875766725
3.2 0.3127381763344356
3.3 0.3034640762900077
3.4 0.2945841770105586
3.5 0.2858460464428477
3.6 0.2781653229235429
3.7 0.270709216621461
3.8 0.263415802797109
3.9 0.256938961133364
4.0 0.25006277644266434
4.1 0.24456744355190418
4.2 0.23839326455970813
4.3 0.2327735126300861
4.4 0.2273692517979786
4.5 0.22266008212118965
4.6 0.21830603693429218
4.7 0.21307048742926318
4.8 0.2083802453672001
4.9 0.2045986834086148
